# Valores ajustados dos parâmetros
u_o: 0.020680269432636955
u_u: 0.780000000036086
theta_v: 0.5999999999907356
theta_w: 0.12873580679048244
theta_v_minus: 0.2
theta_o: 0.006
tau_v1_minus: 75.0
tau_v2_minus: 19.994031205959978
tau_v_plus: 1.7347416899185104
tau_w1_minus: 11.999986228302104
tau_w2_minus: 279.99999361713594
k_w_minus: 129.1840898173492
u_w_minus: 0.010466519338416002
tau_w_plus: 256.61627881202764
tau_fi: 0.0562684648709442
tau_o1: 844.3265085026223
tau_o2: 11.995452222675974
tau_so1: 39.238908363564896
tau_so2: 0.6065200117691238
k_so: 3.998767804179771
u_so: 0.5034297593705671
tau_s1: 3.4683625394164945
tau_s2: 2.1328011174226207
k_s: 1.0497000253785835
u_s: 0.9087000000000001
tau_si: 2.9013
tau_w_inf: 0.027300000000000005
w_inf_star: 0.78
